100
66665
170799
340651
810470
218135
91293
137477
604678
922146
606679
292597
873980
23324
77417
319495
748690
84379
371329
754036
634029
255196
818443
667571
648198
86661
486050
695849
555994
380559
398513
173412
513666
522141
486141
845235
127924
524542
919310
35820
381804
504421
313639
299817
700592
134602
136528
387048
213760
694497
312498
577813
502677
547804
613778
30392
866058
935699
402823
983088
513911
293005
912252
889038
803868
185768
398644
775359
844869
901622
522492
340405
90300
535870
120850
502033
531760
253379
640318
900202
928085
888763
966602
817759
14518
430406
548602
818567
726651
893267
196000
935765
8901
146485
903618
50770
678129
722634
596292
337080
934560